#Segundo Experimento Experimento

add_double 1 1.997145074 1.99445675 1.990223903 2.001465575
bzip2      1 2.003103757 1.812413087 1.224104165 2.004939202  
cachebench 1 1.992067852 1.951227912 1.926850525 1.96010807
cat        1 2.067998621 1.205647701 0.9136436118 1.945236921
Crypt      1 1.992647043 1.79491953 1.347091846 1.99449137
cp          1 1.977553894 1.213879988 0.9094844246 1.956824743
dd          1 1.986622033 1.110323801 0.9390106247 1.812459132
Grep        1 1.981371252 1.967171229 1.604396042 1.993574214
Gzip        1 1.989573066 1.730746103 1.106591403 1.998751191
Make        1 1.969788771 1.939697818 1.911633925 1.97627405
Povray      1 1.992751807 1.990837277 1.958013204 2.000604928







