#Segundo Experimento Experimento

add_double 1 1.000591625 0.9924806098	 0.9835202289	 1.004853831 0.9835202289	
bzip2      1 0.849113357 0.2705199911	 0.4988767379	 0.9979348731 1.009576764 
cachebench 1 0.9630849285 0.9238718576 0.90125458	0.9433018604 0.9511541158	
cat        1 0.6700573909	 0.1987992919 0.4458207152 0.8016128855 1.02197888
Crypt      1 0.8969677662 0.3868707233	 0.7025293543	 0.9919583582	0.99712049	
cp          1 0.6544735102 0.197259985 0.4487176077 0.7907400462 0.9818553262
dd          1 0.7517459463	 0.4698599865	 0.7489066213	 0.8380298064	 1.008206817	
Grep        1 0.9547981571 0.5252441514 0.796655001 0.9883367885	0.9943478666	
Gzip        1 0.8048432235 0.2186153207	0.4242195381 0.9858794473 0.9987593905
Make        1 0.9533419725 0.7970576086 0.9432781488 0.98255187 0.9743052722	
Povray      1 0.9998025134	 0.9889084092 0.989865254	 1.003274635 1.002312087	







