#Segundo Experimento Experimento

add_double 1 1.971127759 1.971127759 1.951117463 1.998363989 1.97875811
bzip2      1 1.679477827 0.5129280576 0.9933533366 1.977891932 1.996364676 
cachebench 1 1.90580493  1.841039725 1.768261673 1.900953869 1.86964812 
cat        1 1.319527306 0.4182581391 0.9132873142 1.599864727 2.003624729
Crypt      1 1.787800741 0.769547032 1.451188831 1.987573212 2.002788331
cp          1 1.2993047 0.4244564126 0.914815946 1.598553973 1.975776989
dd          1 1.570582694 0.9715920015 1.503425112 1.746945596 2.010223472
Grep        1 1.916800985 1.019190357 1.578196273 1.978706305 1.500904558
Gzip        1 1.604578732 0.4137890621 0.8442541878 3.308912179 1.993786944
Make        1 1.945774312 1.634159925 1.905321149 1.978920355 1.991433208
Povray      1 1.992752288 1.978896354 1.984265415 1.997674796 1.998231619








